50 500
6 19
16 38
28 42
14 40
4 21
13 43
38 50
10 40
6 23
20 37
22 28
20 36
36 39
17 41
5 22
13 39
4 22
14 31
1 46
27 39
7 28
14 48
21 44
12 13
19 20
28 46
15 20
14 28
29 36
4 26
31 39
3 40
1 37
1 28
1 21
32 33
35 42
26 34
16 21
22 29
36 49
16 32
25 44
33 41
1 16
32 42
37 45
9 27
8 32
15 18
6 9
38 48
28 39
13 18
2 12
23 37
41 42
6 28
21 28
11 21
19 48
36 46
13 35
14 22
4 50
4 40
30 44
28 47
19 23
2 23
13 24
7 20
6 38
13 48
28 40
12 47
27 28
10 31
2 50
10 34
1 41
36 48
3 4
38 42
3 17
3 11
22 42
23 27
9 16
16 23
2 6
32 47
34 35
1 19
16 39
1 40
14 42
5 45
13 14
4 14
16 37
19 21
21 25
19 45
12 46
43 49
2 43
7 41
23 33
43 44
29 38
27 50
14 30
43 48
34 36
2 38
2 40
20 47
6 43
7 44
11 42
25 50
4 46
13 29
5 12
10 23
2 44
15 21
16 41
5 10
10 44
4 48
19 45
6 16
7 11
20 44
37 43
8 41
20 49
13 29
15 43
5 16
22 43
40 49
18 41
15 17
30 45
28 44
37 40
18 47
9 37
1 8
31 47
17 38
23 25
45 49
30 46
35 36
3 28
22 39
34 47
18 25
12 33
15 24
26 37
15 40
1 21
21 29
23 45
24 40
26 47
24 27
7 27
20 29
23 26
18 22
10 37
26 30
10 23
11 43
19 25
17 26
7 43
17 39
28 29
35 36
30 36
8 24
24 39
33 36
2 9
22 26
1 20
13 30
11 27
15 43
17 19
9 24
12 44
22 23
1 7
13 32
29 47
4 10
33 50
33 45
11 35
6 8
20 25
3 29
9 20
13 37
34 44
13 21
24 34
8 38
10 12
8 26
17 31
35 45
40 43
2 24
9 28
2 7
9 13
3 50
4 21
4 20
12 49
26 33
7 50
14 25
16 27
42 47
27 33
44 45
4 23
4 9
44 48
30 40
31 39
17 27
5 26
16 48
20 27
38 40
11 46
8 35
12 27
4 49
38 49
12 15
10 43
4 30
21 32
22 37
44 46
9 31
27 42
32 49
18 24
22 32
38 46
5 42
12 14
16 20
16 34
7 47
33 35
15 27
10 49
12 20
9 15
25 33
26 28
19 37
6 50
23 46
27 43
6 27
12 26
12 31
21 37
30 34
28 31
3 41
13 45
32 35
19 39
18 39
2 22
11 19
10 41
31 34
6 20
24 25
15 46
9 30
31 37
5 32
38 39
18 40
10 29
39 48
20 28
14 27
15 33
17 46
2 20
31 36
37 43
33 44
27 44
6 36
7 30
2 33
19 44
8 31
24 44
5 49
23 44
6 18
15 43
5 43
8 47
1 32
26 50
37 48
15 26
2 27
22 34
25 49
13 20
16 46
23 31
6 29
12 23
42 50
41 45
19 32
5 28
35 37
10 16
31 49
40 44
35 49
9 41
7 49
1 39
4 6
4 33
21 30
6 24
36 45
9 26
37 49
30 33
17 44
14 32
4 37
29 50
10 45
8 46
24 43
28 32
2 35
20 33
1 49
11 33
34 42
1 26
41 48
9 34
3 14
24 29
19 38
21 26
16 26
17 34
16 24
19 29
11 16
13 40
7 8
24 38
2 37
7 24
14 21
21 22
7 23
18 36
32 50
39 45
39 42
1 34
6 12
35 37
12 29
22 25
30 32
3 27
5 36
40 45
6 44
1 6
15 29
40 42
24 41
27 32
36 50
23 32
35 39
5 50
11 22
11 46
11 39
3 37
12 19
14 43
1 36
33 48
1 31
16 30
1 35
22 47
8 39
37 41
10 27
33 46
17 28
12 38
5 39
2 3
27 45
1 10
3 38
27 38
15 19
21 35
5 24
1 24
25 45
8 27
10 25
26 48
5 18
3 49
27 48
4 34
18 45
9 39
4 8
40 41
11 40
34 38
5 35
8 40
9 33
12 41
12 34
28 45
42 46
11 18
25 46
17 36
9 40
10 38
7 48
47 50
26 45
15 39
35 38
36 41
29 30
33 42
19 41
5 31
24 49
21 47
42 45
26 46
10 28
11 12
13 31
32 36
28 50
16 22
23 29
4 5
34 49
22 41
6 42
23 42
11 20
2 31
2 19
34 40
5 34
21 23
7 39
0 0 0 0 0 0 0 0 0 0 0 0 0 0 0 0 0 0 0 0 0 0 0 0 0 0 0 0 0 0 0 0 0 0 0 0 0 0 0 0 0 0 0 0 0 0 0 0 0 0
