500 5000
11 79
34 400
287 430
36 147
92 463
413 424
152 234
408 453
487 499
22 83
39 169
201 396
333 496
287 434
313 394
314 328
230 368
359 372
129 196
258 420
60 273
368 473
110 177
99 266
151 358
50 441
367 389
5 85
91 110
84 440
238 331
270 295
20 198
2 330
469 478
21 425
179 185
86 488
110 285
179 441
258 334
150 341
186 194
121 437
234 278
83 314
139 375
230 435
261 299
118 126
79 84
196 436
99 188
8 231
77 101
263 386
160 470
27 420
364 389
247 434
127 224
12 174
273 287
69 287
55 290
123 194
382 483
34 106
118 145
248 293
171 314
308 462
240 290
69 393
215 265
221 465
205 290
33 374
101 261
348 356
196 381
255 351
174 193
65 168
187 264
143 406
27 400
120 221
108 256
369 441
3 143
23 434
9 202
165 455
192 465
233 362
261 406
1 350
199 478
28 412
102 357
470 484
132 306
8 251
165 215
4 295
313 410
364 387
245 410
82 498
384 457
265 365
190 371
27 297
300 427
137 431
128 428
400 482
173 479
140 355
285 302
148 205
409 487
375 394
210 323
345 415
392 472
86 218
32 424
253 291
477 490
71 456
111 449
161 285
4 62
44 430
124 132
148 193
331 399
32 119
40 143
230 463
72 267
289 338
353 373
130 308
36 157
157 217
303 333
319 367
238 340
123 472
36 194
37 231
42 342
45 203
193 429
73 202
64 249
69 149
254 500
25 192
135 306
135 384
285 486
63 493
136 245
465 472
251 333
46 58
330 395
137 481
240 436
90 251
205 252
166 478
77 168
390 454
57 65
233 291
393 448
174 484
65 189
19 278
194 240
327 469
274 425
130 294
17 48
284 435
4 385
219 449
219 276
181 401
200 228
142 322
336 419
174 473
412 435
114 407
61 416
237 376
184 271
369 487
81 489
221 401
234 420
272 448
152 499
240 250
206 327
355 486
359 460
238 465
52 324
162 481
168 324
217 468
22 143
137 301
267 479
100 236
110 247
400 401
98 384
7 84
125 267
326 442
102 186
18 114
89 301
226 431
121 494
141 272
231 321
48 56
194 418
39 449
334 487
364 366
156 232
101 117
188 231
20 234
192 259
288 491
25 109
237 307
71 316
104 198
78 142
4 21
60 358
180 435
206 386
122 343
107 347
491 500
17 480
302 380
206 379
37 175
14 223
207 319
59 383
335 342
302 310
64 435
51 350
161 282
118 213
243 253
221 334
207 445
34 323
213 259
83 230
211 250
64 314
3 492
445 473
5 374
89 215
179 365
280 441
141 342
215 260
18 499
133 291
242 413
87 174
223 458
172 348
74 274
48 285
212 471
4 454
227 312
78 168
211 330
223 259
57 434
78 178
59 356
57 106
259 292
56 171
78 479
127 165
284 296
373 483
74 250
81 337
176 472
137 375
231 395
131 334
40 111
153 291
296 491
470 497
154 177
162 496
150 282
158 165
49 288
157 289
278 390
217 273
148 318
6 384
293 441
188 396
102 233
216 465
251 283
166 308
212 244
48 265
162 325
73 92
76 280
49 293
64 495
150 460
256 291
380 464
137 192
56 174
83 169
336 372
400 448
348 484
212 330
164 454
9 78
155 481
26 354
172 201
50 389
483 486
128 235
164 474
419 488
56 206
349 497
231 441
313 469
423 430
25 32
143 440
263 356
282 343
106 459
74 146
135 486
77 393
145 174
20 63
38 331
280 368
141 423
135 258
124 351
220 432
183 305
324 448
128 352
10 90
269 464
201 205
442 499
134 455
249 251
175 348
11 135
188 281
95 288
44 256
467 494
190 362
149 293
196 319
462 499
236 469
141 341
250 378
315 418
114 299
262 366
22 352
320 332
462 494
214 307
44 185
376 380
206 331
117 430
30 415
93 437
490 491
107 337
68 397
132 134
168 404
220 365
282 408
124 262
136 152
63 393
207 302
414 491
84 448
195 399
91 491
123 412
79 317
2 263
144 417
280 412
34 88
279 438
89 168
78 460
94 215
9 298
282 402
102 493
227 457
358 469
52 53
137 181
35 443
391 441
277 454
272 406
94 106
162 335
226 234
276 468
238 268
171 289
247 374
230 476
36 323
58 253
46 246
76 228
142 424
95 399
243 312
354 447
102 495
26 159
237 303
101 177
37 142
3 18
140 420
28 294
50 120
53 115
144 370
296 461
264 350
78 235
173 278
45 100
76 194
6 413
15 293
184 342
4 38
151 413
118 315
333 417
198 229
20 434
39 92
216 495
167 432
2 104
176 194
194 228
54 110
23 333
22 43
24 151
79 148
201 212
139 148
32 91
56 82
287 452
159 396
71 248
119 342
355 384
463 475
103 489
76 94
170 179
299 481
2 272
47 118
18 304
166 293
16 187
405 484
354 451
110 484
212 251
390 493
1 203
464 493
103 140
322 329
4 30
118 337
149 266
322 388
61 329
12 460
115 430
192 476
146 147
63 360
70 249
32 83
49 474
139 390
389 390
173 256
223 365
108 146
220 397
83 411
76 334
234 362
394 432
310 365
202 265
74 440
259 362
40 293
138 226
49 268
255 277
269 481
299 385
345 413
252 488
115 156
82 175
49 153
280 322
86 148
302 315
26 81
159 212
284 364
104 494
197 258
81 102
152 223
157 474
97 233
97 179
320 465
33 167
333 480
252 285
1 318
135 456
69 352
294 449
65 268
37 411
242 270
341 451
394 449
12 384
311 346
292 450
127 500
342 441
31 201
94 287
30 142
28 102
90 243
235 488
28 110
266 282
9 65
201 385
117 323
202 444
206 383
443 449
268 496
239 431
145 441
108 242
256 486
11 277
61 432
62 339
220 330
124 469
161 312
269 306
325 483
77 142
332 484
332 415
174 392
263 479
160 303
247 304
227 233
382 394
133 408
105 408
233 294
66 316
4 214
21 132
32 94
31 213
336 436
269 354
14 157
211 234
256 400
299 465
468 494
146 413
1 396
54 171
37 46
10 262
382 457
274 345
8 263
466 476
268 288
18 415
58 285
72 90
240 338
28 459
136 453
419 498
332 345
212 248
165 266
217 319
13 463
117 337
365 411
198 244
71 114
22 202
51 473
170 499
252 331
53 476
153 173
11 384
285 317
218 411
97 475
425 457
388 438
303 351
375 443
131 228
153 455
197 402
10 204
155 235
219 229
1 157
182 416
37 331
304 495
84 296
59 169
381 439
9 116
125 458
286 482
88 276
80 170
133 263
31 180
276 398
359 484
197 209
62 235
297 440
158 285
414 418
331 478
210 293
24 306
335 469
36 202
136 386
76 485
33 320
13 242
202 262
55 410
20 100
78 89
55 154
324 431
31 293
75 268
67 84
15 199
390 446
134 235
237 336
242 292
35 485
82 362
254 436
22 436
10 135
335 432
73 466
167 340
43 120
254 368
137 303
134 452
55 257
154 471
74 396
61 392
294 425
98 389
54 489
115 342
309 392
275 438
225 491
222 309
317 494
91 189
138 313
123 485
309 499
122 283
50 289
94 240
119 231
264 268
174 305
129 187
220 464
67 390
258 335
257 308
238 299
330 367
4 27
315 464
91 485
102 104
77 452
326 462
29 404
139 354
97 345
155 421
100 481
143 220
46 498
116 393
69 455
284 306
150 362
105 142
150 178
4 409
318 393
34 333
98 455
51 156
111 452
111 121
319 342
211 487
60 201
74 456
209 237
276 327
198 249
92 461
35 369
140 254
319 333
8 331
43 189
127 136
353 443
269 457
64 352
279 308
387 422
24 133
30 79
354 360
260 299
51 166
129 429
86 145
105 389
96 191
22 175
145 330
54 87
207 413
135 446
87 324
118 243
123 149
171 204
426 446
51 229
184 444
103 190
377 480
43 148
88 138
1 15
79 294
105 460
94 374
314 416
310 434
274 337
80 440
255 265
173 178
216 482
138 473
3 495
40 114
63 252
114 465
25 376
266 486
36 371
149 314
216 462
46 77
297 311
405 452
70 119
109 190
47 314
109 473
249 283
198 436
315 440
322 455
170 369
4 42
258 483
322 470
45 373
67 290
306 491
128 334
322 429
197 410
47 71
70 115
188 296
2 346
133 192
56 461
113 263
47 134
9 259
190 424
268 480
20 289
39 495
225 416
31 440
289 485
40 78
96 370
11 16
168 405
53 255
7 457
108 141
142 467
198 455
203 271
82 210
236 480
25 267
103 287
225 332
282 454
35 376
193 197
115 409
261 276
344 396
83 91
310 494
74 183
81 481
90 279
166 500
39 268
285 356
5 264
254 479
166 291
244 370
330 343
173 223
314 460
97 374
88 359
185 338
287 305
185 292
24 472
103 448
37 235
308 335
246 257
5 12
8 433
52 179
50 450
219 317
14 298
314 473
211 442
264 422
380 399
153 251
224 227
250 404
49 167
9 271
110 374
275 300
5 177
292 412
128 208
133 319
352 402
276 400
124 456
101 249
118 317
94 310
305 360
263 321
378 496
471 473
400 437
204 347
42 155
18 75
222 310
225 254
236 496
60 308
130 374
91 141
131 178
89 429
217 270
151 341
142 336
57 314
103 261
345 499
58 94
40 368
131 357
304 459
188 359
255 393
185 301
336 365
347 358
41 295
180 286
100 374
180 406
221 383
314 373
21 137
60 442
427 499
365 479
50 293
43 424
421 437
330 447
17 73
128 211
32 284
370 421
311 467
133 143
285 425
60 390
108 263
31 393
148 360
299 419
25 358
338 489
50 318
451 461
404 427
269 467
122 483
203 390
279 430
102 256
178 385
349 492
170 180
70 373
432 467
265 432
53 185
60 177
181 325
36 93
61 420
33 113
94 319
29 450
76 499
282 327
205 461
447 487
33 337
126 322
251 361
270 296
419 491
334 429
8 351
89 472
175 226
174 355
21 192
80 84
166 384
124 369
108 156
252 368
68 240
26 188
227 304
194 335
109 276
182 230
128 472
351 496
29 69
32 193
233 400
85 308
32 156
276 423
4 181
43 488
177 325
184 273
183 307
183 464
306 447
8 312
127 356
193 276
65 67
71 397
405 431
19 124
124 305
185 262
260 349
85 240
432 481
181 456
175 274
21 431
48 313
245 282
289 333
134 190
107 254
230 400
161 346
89 237
213 344
199 203
217 363
198 246
135 444
291 467
59 311
441 500
291 468
9 106
50 115
65 229
55 282
150 316
11 302
37 335
100 152
222 223
449 450
255 298
24 285
390 432
469 495
43 194
447 461
69 326
263 352
299 344
70 164
334 482
220 229
242 269
118 404
255 295
287 485
238 325
20 416
184 480
36 145
190 205
101 187
56 431
240 473
328 413
264 337
27 480
356 421
124 267
388 478
72 448
398 482
430 455
43 172
167 222
1 329
173 371
125 245
338 485
104 119
28 307
65 404
249 490
324 489
69 362
293 366
4 495
177 372
53 315
99 347
350 360
391 471
231 317
73 318
152 260
310 498
230 394
297 431
86 174
58 279
208 415
231 366
392 467
418 497
56 208
177 259
227 290
1 248
43 379
51 435
65 197
60 332
116 198
38 200
3 301
123 139
254 424
282 361
269 374
410 460
46 417
122 225
373 451
43 414
34 484
50 414
70 317
94 472
343 455
38 156
179 207
84 133
102 122
6 74
176 302
180 350
241 452
77 297
92 169
169 209
327 416
305 490
6 293
5 205
368 394
195 457
195 427
5 271
5 273
217 225
167 355
453 485
239 445
92 287
350 399
44 351
241 242
46 491
326 328
114 415
1 263
27 55
34 438
44 443
15 71
51 183
380 488
346 430
170 455
133 387
248 447
46 449
65 347
210 297
60 350
296 472
36 76
6 482
446 462
238 328
256 387
65 312
52 228
70 462
151 457
183 414
88 254
72 229
192 383
255 263
91 260
316 395
292 381
419 452
60 277
52 123
143 462
197 373
86 498
418 471
353 397
105 309
147 262
35 358
224 398
364 459
219 237
318 473
237 286
201 479
285 380
59 231
150 232
263 431
30 144
213 357
1 229
31 276
100 389
157 216
134 219
315 397
254 261
141 340
169 331
38 438
173 494
210 281
173 195
438 461
295 420
316 386
64 150
237 490
219 340
204 389
208 349
148 476
219 238
193 291
427 466
289 476
416 419
189 210
243 491
51 80
14 214
132 223
366 473
83 272
268 458
135 164
284 370
403 425
193 277
100 216
12 263
73 139
409 493
31 300
309 396
168 296
264 282
179 419
102 372
125 443
33 190
285 360
23 251
281 418
52 469
12 114
193 344
225 404
249 438
207 342
31 37
324 403
128 396
38 326
134 323
45 66
410 485
281 395
17 313
133 435
53 100
68 219
320 475
13 15
195 361
340 465
21 303
424 436
246 264
204 273
173 275
133 383
43 406
274 448
277 484
197 492
29 347
49 462
195 485
84 315
205 398
31 426
148 294
161 185
125 432
59 438
62 389
131 144
227 380
264 469
153 362
195 277
169 353
452 481
68 165
94 123
15 282
239 354
154 157
60 455
200 349
41 463
169 343
286 404
18 457
368 497
130 159
4 331
345 366
200 409
195 341
91 405
407 432
96 149
16 189
151 168
64 496
112 417
333 343
170 340
33 164
337 464
4 102
12 62
158 274
183 190
37 190
75 409
74 349
147 336
212 258
88 121
178 252
174 409
64 296
69 177
174 246
309 488
353 419
139 183
126 241
179 402
137 211
116 120
109 495
3 294
115 476
67 418
127 372
126 311
238 278
360 388
24 342
189 470
177 495
40 42
64 498
136 421
78 355
3 6
133 281
197 403
245 298
113 130
55 287
15 85
313 334
75 219
37 94
311 453
334 384
106 200
345 494
169 381
264 364
47 138
87 429
191 283
318 390
37 145
81 348
133 157
113 148
371 454
323 480
449 473
290 310
81 253
287 321
196 322
245 269
152 424
86 195
55 108
113 176
145 287
150 391
305 474
205 210
50 310
119 302
194 465
41 388
20 385
100 235
1 276
258 267
76 462
207 215
4 157
405 482
23 325
113 217
59 387
108 342
60 281
205 287
116 490
193 314
330 332
40 340
13 65
309 442
265 312
47 276
60 164
224 285
130 479
174 438
51 207
93 120
383 415
100 416
205 289
30 365
30 465
95 365
32 392
191 329
125 453
331 459
246 404
263 285
13 236
195 213
263 377
258 295
449 463
69 216
8 297
28 291
365 369
145 467
93 254
298 313
129 491
147 221
78 450
252 442
115 404
69 325
270 380
231 256
331 422
67 173
64 266
235 500
377 478
33 315
50 480
150 470
277 463
20 403
200 402
11 422
404 433
310 396
131 321
244 273
48 483
353 407
68 257
405 471
157 353
266 319
382 426
254 308
16 310
165 187
417 455
134 247
9 110
25 46
43 292
409 458
396 422
364 429
21 403
190 201
93 400
299 400
21 271
272 480
13 72
215 485
269 475
147 488
18 104
66 125
73 98
217 432
240 449
46 142
359 494
305 429
164 367
343 380
17 444
357 470
129 395
106 320
209 280
26 182
123 475
12 33
243 479
114 314
293 450
137 482
41 262
158 342
209 249
25 208
83 469
132 418
107 163
326 475
58 129
141 208
106 303
81 98
117 174
21 264
290 327
240 309
125 150
55 357
176 232
108 128
275 347
53 347
193 432
98 173
356 451
203 410
358 413
218 388
156 313
2 388
212 242
110 188
380 466
203 470
354 425
191 496
297 334
23 318
51 454
382 439
54 470
23 264
100 259
76 493
158 214
235 323
384 434
122 187
71 465
27 71
54 332
235 458
190 369
233 385
2 438
84 398
76 262
236 335
158 431
202 458
326 438
324 463
151 280
103 131
120 159
103 406
167 383
18 149
63 277
307 461
148 289
352 484
127 292
161 302
144 156
40 75
184 387
135 431
256 422
48 294
252 363
106 394
386 405
119 140
70 268
368 383
260 318
7 120
237 290
47 187
260 378
25 78
220 468
158 286
466 500
44 330
261 326
192 329
116 194
131 404
114 232
146 198
419 493
3 323
256 465
307 396
33 219
134 382
407 493
21 412
444 454
89 321
304 324
6 45
94 218
5 460
243 305
175 286
109 252
254 457
432 435
93 422
233 254
338 436
147 458
276 355
71 424
293 329
171 255
257 365
309 465
75 478
404 479
144 456
143 371
5 68
83 209
190 309
313 490
123 481
400 459
149 433
312 329
188 394
471 499
344 453
272 312
265 342
396 472
169 176
102 126
304 322
146 261
16 340
345 390
103 345
138 492
152 281
438 493
16 67
103 216
219 347
332 338
56 368
105 319
65 205
287 332
346 362
159 260
48 204
215 310
48 320
150 465
137 354
93 467
289 411
81 392
412 494
154 497
346 442
24 59
301 320
37 197
293 375
372 402
370 496
36 310
115 275
263 346
368 456
12 155
81 133
317 433
63 139
76 257
88 320
279 389
248 466
11 229
385 457
300 351
56 64
28 74
135 452
48 119
400 454
263 315
379 404
167 274
351 433
155 222
57 148
314 430
238 479
267 368
58 317
173 332
54 266
168 229
276 317
306 396
141 468
129 142
359 377
195 462
188 308
218 330
485 489
82 418
24 119
78 289
256 489
329 363
457 485
108 240
71 192
358 396
213 358
278 361
243 499
11 309
57 109
277 412
216 451
35 106
16 416
196 440
64 293
233 497
47 279
174 278
164 470
103 394
374 390
145 303
292 341
219 488
338 431
97 206
53 317
447 474
360 449
297 378
211 481
139 316
83 342
82 107
1 82
276 485
160 421
204 459
471 492
338 448
224 245
1 355
81 189
44 480
33 441
380 468
218 392
200 393
70 403
345 468
101 181
36 91
35 440
7 38
125 271
281 406
18 310
183 485
21 122
287 465
105 179
90 489
223 304
35 331
178 305
190 491
211 327
277 292
94 439
312 349
370 481
54 346
191 195
152 391
164 447
440 450
185 276
22 301
315 374
67 177
152 294
25 481
271 348
110 160
91 366
171 223
342 472
317 470
94 448
59 265
3 316
169 344
86 458
138 258
105 126
158 344
25 41
12 406
264 424
94 119
8 162
406 483
212 429
48 337
26 184
420 453
71 234
250 271
49 148
166 277
163 278
104 140
321 389
17 487
8 446
379 437
389 398
344 460
137 206
21 302
351 404
202 259
433 495
109 349
70 170
44 112
380 422
12 497
178 361
94 187
149 364
76 353
38 468
127 297
230 391
44 267
114 475
199 460
187 423
190 267
55 137
139 341
194 214
258 314
15 23
6 406
113 245
54 161
210 360
415 457
379 438
98 129
37 385
160 218
1 224
355 497
16 428
11 195
374 453
243 461
239 448
250 492
56 390
135 169
278 429
187 483
15 356
199 305
222 325
139 239
271 343
135 187
78 118
321 328
51 158
5 330
306 443
239 478
54 439
24 77
63 388
375 498
53 217
130 281
271 458
60 265
105 218
466 469
178 412
20 398
2 417
267 431
20 220
106 461
121 300
14 446
225 474
254 454
381 448
43 368
3 117
265 414
41 212
91 246
473 476
45 128
36 220
91 202
57 108
222 492
190 451
24 173
126 264
82 112
211 333
66 76
33 459
108 391
2 308
256 399
35 329
73 89
305 460
74 147
63 173
29 186
377 423
232 261
168 478
62 266
43 447
210 301
321 397
4 82
39 343
383 432
197 239
399 414
26 401
175 473
119 276
84 235
234 472
54 410
343 467
151 440
77 262
169 301
48 138
3 190
26 327
82 127
28 255
300 411
142 282
222 500
297 338
274 317
100 195
64 464
237 245
63 355
176 377
2 377
91 168
47 387
33 259
17 437
132 435
192 202
19 479
249 496
276 449
283 292
44 208
392 429
81 483
161 183
94 384
371 384
73 206
35 348
160 201
190 417
323 449
71 363
164 311
378 483
224 407
49 194
84 370
57 346
379 494
161 375
371 407
278 337
362 468
28 56
99 423
102 459
32 219
385 415
78 302
301 316
317 486
49 285
223 274
356 456
131 158
251 345
237 254
171 334
404 436
47 263
89 253
68 267
186 278
59 258
228 379
68 450
179 426
88 169
438 472
110 234
107 436
84 432
158 261
233 383
35 91
469 474
188 330
30 486
50 358
204 245
91 322
279 422
64 265
166 419
2 37
147 252
324 371
168 452
86 129
287 372
258 371
383 384
253 325
27 151
6 480
37 52
368 460
193 287
196 261
386 427
244 365
94 242
341 423
319 408
149 480
125 311
67 498
414 429
481 489
8 167
301 486
210 487
102 214
235 276
24 449
60 386
195 491
198 383
22 487
245 319
30 285
193 403
87 358
293 323
38 92
153 157
104 116
200 239
11 77
245 358
148 227
169 451
281 442
56 322
104 489
437 443
32 148
63 140
397 482
190 303
157 434
173 297
33 312
115 427
44 412
291 394
190 443
95 368
367 484
375 473
208 212
138 463
79 156
61 470
168 417
131 307
293 494
76 425
120 148
267 472
88 225
16 201
8 175
30 315
141 455
301 466
227 406
201 330
68 454
155 454
121 349
195 343
79 257
70 167
64 476
181 227
224 277
76 354
99 415
285 470
43 109
10 95
225 477
433 446
216 325
179 493
90 222
331 455
149 487
53 269
52 102
372 428
141 307
150 376
378 481
263 284
143 476
291 439
244 457
105 456
128 332
399 413
16 219
226 381
309 318
298 468
227 326
119 210
216 306
175 290
180 361
159 250
247 330
203 302
230 487
53 387
138 194
186 392
63 337
267 442
93 197
32 42
36 470
100 346
168 407
115 263
208 366
108 295
482 486
6 203
149 307
134 251
225 264
75 428
53 98
31 76
1 445
214 388
207 325
56 293
210 216
211 355
396 411
224 483
50 146
9 331
56 283
273 357
191 321
94 217
395 478
215 497
95 142
71 177
212 386
131 441
267 446
59 67
17 128
322 401
135 345
235 315
73 144
155 420
10 169
115 264
90 177
206 300
124 432
119 448
10 253
121 125
327 350
395 456
349 464
205 208
70 229
183 292
162 288
249 276
186 241
360 396
264 326
234 484
56 326
122 159
184 383
65 326
187 305
41 486
98 339
204 383
282 452
43 179
291 318
180 409
171 368
221 476
345 376
122 150
141 459
318 340
64 125
71 283
42 479
95 96
6 392
116 159
266 420
390 398
21 482
163 236
14 265
206 385
17 203
17 213
10 79
146 266
225 408
103 414
32 464
214 425
263 328
390 479
180 196
51 273
151 285
86 497
164 238
94 171
20 437
123 267
49 174
110 272
73 430
249 445
6 345
101 172
59 204
48 280
296 355
353 499
357 442
56 248
28 259
282 432
40 436
32 486
379 495
110 149
200 275
71 86
34 283
317 416
62 193
18 138
5 384
14 219
309 349
147 331
112 184
412 455
125 280
34 67
385 499
27 246
292 475
434 478
173 331
276 490
382 487
252 337
185 297
112 353
320 373
152 267
347 407
227 259
105 484
89 341
80 469
273 315
50 197
213 443
172 338
313 338
45 255
32 321
244 278
166 316
35 481
309 463
94 230
143 195
284 318
343 417
223 481
146 410
289 341
91 276
204 500
14 481
90 352
82 416
176 437
115 372
149 210
140 443
131 250
27 242
168 338
367 412
409 459
18 111
313 482
100 186
316 495
171 320
76 417
244 283
252 405
96 262
250 355
293 393
54 375
60 159
84 371
24 73
178 410
237 358
200 237
25 442
176 427
32 254
114 486
377 400
335 367
184 462
20 357
192 214
67 330
66 468
325 479
287 367
326 356
41 258
51 216
31 422
241 295
99 275
108 262
29 272
17 424
93 128
360 478
328 372
181 288
270 446
270 273
72 249
157 241
171 313
130 204
241 391
36 422
306 391
84 258
386 395
280 326
12 477
151 292
324 397
9 334
245 491
296 297
341 365
160 368
14 40
29 203
412 478
25 65
85 227
114 263
36 460
159 244
284 436
220 427
184 290
65 181
44 156
222 334
42 158
40 110
259 281
186 495
75 381
178 467
13 365
212 371
5 465
142 296
352 409
91 274
207 403
224 322
375 406
23 42
429 459
66 374
315 423
229 309
164 416
128 476
299 447
20 402
265 363
307 487
120 427
334 456
19 44
336 452
293 480
138 292
194 278
178 360
49 117
1 8
58 101
149 348
32 451
312 325
109 345
171 417
10 174
14 250
128 408
193 269
121 305
6 322
73 145
47 204
20 274
39 203
214 338
172 224
71 185
288 415
193 413
353 364
162 317
16 498
4 483
81 249
177 403
235 395
103 409
196 203
243 473
178 207
138 465
302 416
100 314
113 423
221 403
177 399
254 367
135 435
106 197
136 229
50 201
257 261
78 223
112 200
66 356
86 201
57 93
139 480
15 177
151 338
303 466
76 345
382 460
378 461
368 402
170 416
338 493
55 116
152 197
117 327
230 447
181 265
314 452
198 430
199 355
61 180
106 361
9 48
471 477
8 294
248 305
315 410
276 460
110 414
157 177
160 377
302 326
117 401
108 202
11 471
213 354
48 401
201 278
128 364
94 275
356 484
206 243
34 51
273 476
157 219
235 421
24 55
169 375
21 150
134 306
62 409
306 418
20 428
92 491
42 252
129 158
21 374
35 435
155 492
167 320
1 366
255 367
99 254
288 364
24 79
220 425
118 431
38 252
425 460
163 251
59 122
83 197
82 144
95 211
36 235
210 488
29 381
5 72
99 339
41 293
283 307
183 228
358 466
187 336
275 443
245 480
387 498
198 310
180 407
239 325
175 495
188 278
5 436
374 429
23 489
63 237
30 286
204 344
225 255
80 330
229 231
155 433
99 158
208 445
303 364
126 323
468 487
420 445
176 207
109 256
270 381
41 42
67 87
173 295
44 359
109 387
294 365
405 448
267 437
9 145
14 81
260 401
32 255
48 114
86 284
19 25
353 491
421 495
88 262
2 423
197 233
13 305
70 75
63 303
7 177
191 207
165 289
44 369
88 447
278 404
98 267
66 229
72 411
59 314
343 359
271 479
257 495
135 419
243 400
88 402
13 218
117 247
380 457
18 455
117 474
181 384
443 488
144 252
67 165
322 346
361 380
303 437
250 282
158 462
125 214
100 295
91 161
90 383
138 172
101 399
158 339
63 261
112 289
217 436
63 379
286 350
326 437
379 431
317 365
60 211
174 309
73 417
311 432
30 383
243 496
158 432
368 491
308 359
390 482
244 410
225 356
158 259
52 178
170 342
146 487
10 492
305 391
19 282
231 271
41 395
208 239
141 430
64 68
272 374
39 177
10 145
416 457
176 310
199 404
333 391
166 486
104 421
11 190
101 289
35 112
52 240
149 495
237 448
378 426
51 322
22 261
397 494
79 427
351 476
298 390
57 180
50 405
13 102
111 367
158 494
30 157
150 235
11 76
77 471
82 380
223 278
230 236
29 163
8 335
160 422
398 464
5 167
6 229
84 331
317 402
7 168
350 407
148 382
324 408
136 417
335 364
214 337
125 438
312 346
84 417
60 338
15 202
8 286
232 345
230 347
253 407
3 139
154 252
214 261
73 195
142 326
17 447
27 121
253 345
320 419
87 444
19 188
249 319
277 401
431 479
98 400
144 362
131 150
151 483
289 293
145 368
99 494
323 382
30 438
191 276
407 472
278 486
13 444
224 388
258 369
117 134
11 84
248 361
193 250
140 221
80 187
251 423
157 181
39 339
201 273
50 176
41 269
53 210
3 81
112 265
43 394
100 109
431 487
268 329
165 365
1 491
109 358
229 247
84 396
131 266
64 220
235 302
347 402
46 440
234 306
40 425
173 481
234 425
23 37
120 357
156 494
474 498
4 207
237 304
157 445
1 250
145 206
270 275
202 318
55 166
306 367
2 89
9 178
143 225
246 483
115 319
190 312
291 443
266 309
132 388
338 377
345 432
117 208
291 329
384 456
95 260
153 363
2 463
335 366
227 228
102 318
102 437
133 280
134 231
7 158
233 276
187 203
157 478
179 411
348 369
494 497
4 129
73 336
191 482
313 420
224 442
102 414
68 80
177 405
270 429
117 175
267 416
50 410
72 166
123 360
8 292
50 148
389 396
122 372
95 439
144 335
151 329
19 363
70 349
296 441
152 413
108 405
266 364
81 137
154 221
22 204
93 354
365 391
296 319
377 416
25 467
82 363
284 498
236 304
318 356
279 340
365 421
99 466
319 419
62 372
12 498
110 113
103 147
162 263
307 385
41 472
203 248
15 139
232 338
190 407
173 438
179 292
169 420
348 469
402 469
39 327
25 396
178 268
46 66
309 345
29 82
88 286
129 378
366 462
200 445
261 312
166 351
68 100
157 295
73 394
122 180
258 277
380 444
182 193
57 371
186 257
229 281
326 444
355 358
393 414
2 358
182 312
8 184
143 236
221 338
24 317
71 84
102 456
87 171
52 483
192 347
67 467
111 417
175 432
20 348
101 192
196 275
352 404
304 492
328 383
255 471
454 493
41 242
202 308
45 295
1 287
114 127
269 499
91 379
28 422
254 431
192 233
6 113
28 175
165 425
120 352
345 496
137 283
79 146
109 296
163 464
128 329
148 363
173 322
419 450
258 456
160 471
17 119
362 499
142 365
256 403
315 498
116 181
71 89
114 276
8 109
311 423
19 73
72 211
164 330
219 244
141 463
124 476
5 228
94 96
401 483
87 284
43 213
96 227
104 289
419 500
34 188
138 187
76 156
47 489
218 368
252 445
102 424
314 399
294 346
101 126
48 328
41 67
273 300
284 457
125 377
248 446
127 222
219 497
6 359
20 262
6 44
34 424
292 293
138 356
226 353
92 233
47 61
136 331
171 339
77 500
2 437
109 391
63 115
316 432
214 401
120 325
200 293
315 459
394 426
330 496
252 458
263 370
28 51
163 400
33 52
228 236
101 153
72 324
75 220
33 114
115 316
51 302
68 310
139 381
72 126
8 243
122 484
160 170
71 361
173 299
354 431
87 430
217 422
193 330
104 462
154 189
139 268
232 333
379 472
199 336
105 478
46 53
158 247
56 381
211 295
184 233
107 293
238 360
174 204
106 454
31 45
76 126
153 421
191 307
77 164
26 177
97 435
62 175
130 328
19 214
105 414
38 290
36 395
248 474
121 405
77 278
340 403
221 458
119 160
13 394
213 452
189 211
210 332
94 261
104 373
128 341
27 233
248 291
32 291
17 304
49 251
329 499
307 471
264 455
325 386
376 438
144 327
250 308
118 432
106 242
195 404
28 91
195 401
301 423
128 213
307 452
361 373
396 449
251 449
214 308
111 490
100 415
257 398
63 168
191 424
57 445
55 315
258 377
171 382
326 493
99 410
310 368
134 402
160 371
237 417
153 201
37 270
14 411
150 347
151 233
35 324
130 410
26 438
1 319
44 221
402 500
6 9
6 225
321 440
123 197
182 342
106 302
99 454
255 266
140 415
193 472
178 476
167 344
248 353
276 383
110 112
164 173
111 225
122 320
187 346
213 404
284 371
58 164
12 229
206 288
298 349
415 490
194 464
78 146
181 441
331 341
134 315
124 366
106 332
476 495
55 283
153 262
449 465
202 207
68 203
129 400
35 273
63 257
39 187
204 342
46 90
122 261
11 60
321 497
217 340
127 327
134 355
470 500
44 52
196 299
287 337
264 484
18 468
96 490
232 487
14 386
167 482
295 340
464 491
85 484
223 226
95 500
97 366
263 300
143 374
199 406
53 73
90 375
274 421
346 388
212 447
19 472
273 409
341 383
240 409
92 464
266 363
248 272
304 411
440 491
344 349
12 499
91 123
78 100
70 81
300 432
111 440
428 430
200 463
89 302
194 326
230 309
41 163
327 449
31 420
341 409
240 450
406 494
288 385
7 238
27 213
151 324
69 416
199 425
142 473
41 181
131 407
24 265
314 468
408 480
236 399
24 191
195 477
224 273
6 412
49 93
144 450
220 495
36 427
301 407
166 306
148 204
202 495
251 349
116 193
99 220
269 440
12 188
261 459
415 481
426 452
196 234
137 396
25 457
326 481
154 457
18 206
146 328
285 445
290 333
373 385
291 369
103 425
62 397
104 155
478 489
293 294
45 482
176 241
102 190
56 205
23 49
34 314
229 308
62 94
378 464
233 416
268 358
251 411
43 462
123 162
105 469
374 391
230 345
213 219
247 364
208 390
267 379
13 243
197 434
118 163
177 209
290 352
293 492
132 161
158 319
83 429
44 88
45 199
282 368
183 266
47 458
433 497
177 423
83 133
199 470
237 402
338 447
64 74
139 276
28 86
17 187
270 286
357 367
52 484
268 421
267 292
226 312
170 495
101 388
275 388
392 433
91 440
437 488
89 411
2 252
174 366
125 198
45 123
11 164
262 446
102 171
406 443
106 383
206 213
19 256
41 206
150 314
339 340
211 479
416 462
79 405
32 348
284 470
48 381
137 281
168 332
47 375
77 499
140 439
113 291
244 321
263 372
37 70
1 387
15 144
444 471
148 291
262 496
179 250
225 325
39 477
146 453
312 493
156 480
125 192
219 332
252 356
311 332
148 406
27 102
32 43
211 267
185 284
234 287
247 303
332 396
22 476
97 262
54 455
30 202
17 24
18 127
51 370
51 153
79 128
9 98
212 367
209 441
70 251
170 288
179 332
397 447
121 264
47 164
156 221
261 469
443 491
88 264
395 472
4 179
64 477
330 458
237 319
27 245
285 405
298 437
31 243
284 304
93 309
360 450
59 410
21 346
80 331
147 158
5 412
14 404
161 415
7 70
337 357
16 277
238 469
77 482
156 184
55 431
157 287
53 80
173 359
30 51
409 414
336 465
41 334
148 326
103 432
4 358
156 253
300 460
164 272
166 341
365 438
218 257
277 413
56 215
162 433
162 395
140 317
18 28
293 445
155 274
222 269
153 452
311 486
243 364
325 490
65 96
41 247
34 351
333 488
33 278
429 489
228 393
17 84
90 461
349 397
43 242
61 81
26 471
64 262
67 380
22 158
180 340
324 470
79 302
138 333
181 348
46 382
212 475
179 235
237 434
31 230
262 335
289 452
211 445
216 263
48 179
166 314
338 403
117 218
257 405
298 470
40 468
105 321
106 290
183 385
321 446
121 303
13 111
205 419
267 474
32 481
348 399
232 303
111 251
227 285
157 159
96 329
208 427
315 393
258 498
83 122
242 281
215 266
223 374
8 51
487 496
200 458
460 498
18 236
70 277
181 492
228 386
346 499
9 198
271 311
137 324
206 430
160 308
162 429
95 190
135 406
110 123
144 494
402 404
340 379
35 346
47 100
207 466
283 289
89 396
183 219
117 434
263 438
140 263
115 298
69 442
165 468
156 210
16 77
57 309
63 476
158 243
52 197
118 258
58 469
239 425
58 142
132 152
207 497
83 355
130 332
409 437
201 288
13 247
175 214
99 200
313 314
108 367
421 459
402 419
24 406
259 273
168 447
251 411
9 307
188 345
39 467
55 496
157 335
331 344
48 411
258 307
404 406
325 344
378 479
175 179
322 427
119 260
175 361
104 367
175 362
183 423
116 268
7 454
278 349
87 480
71 223
45 313
86 466
149 198
96 315
3 298
32 386
80 115
243 297
227 283
150 162
149 256
35 52
124 279
60 374
4 330
125 304
310 311
29 87
32 328
67 270
203 333
110 420
220 404
41 129
239 437
339 383
75 430
9 70
311 443
228 392
178 314
215 221
302 425
29 154
292 389
114 370
165 353
132 377
107 145
201 251
170 233
261 492
390 441
231 499
82 482
156 332
207 368
54 185
253 268
81 281
36 437
209 445
140 335
122 228
203 395
270 300
209 309
83 398
287 481
47 373
290 400
301 403
61 131
405 490
150 429
80 150
344 394
70 384
169 460
472 486
349 417
112 426
340 456
162 384
294 433
197 399
239 260
272 378
53 187
24 134
22 241
24 424
293 376
233 438
320 367
25 409
206 351
90 236
243 357
45 329
221 303
17 433
217 286
367 478
330 368
143 386
244 314
35 405
98 297
101 374
195 489
150 321
44 132
61 428
82 294
121 489
66 418
84 303
20 378
452 472
206 208
84 184
34 360
219 418
234 381
6 153
135 376
22 493
131 302
123 352
404 451
37 44
284 469
103 300
8 50
171 352
51 441
267 325
134 218
422 445
172 255
54 299
53 155
105 416
179 278
71 376
62 223
355 447
389 409
315 471
66 254
107 429
22 380
84 295
42 414
217 434
44 390
86 406
22 356
286 321
271 409
59 454
191 333
76 408
235 367
270 476
28 287
115 200
120 336
350 413
142 490
70 387
28 101
294 408
304 439
51 421
374 478
389 442
268 360
5 329
390 478
92 186
47 182
138 479
147 462
337 377
213 421
178 481
4 305
119 214
215 320
152 488
72 486
203 270
47 419
40 421
42 245
174 183
57 414
276 422
376 420
54 287
391 426
385 391
106 360
221 269
287 309
241 304
13 57
374 475
409 468
402 483
176 295
30 462
302 433
134 367
333 344
460 467
231 494
10 309
169 377
22 364
202 356
207 414
147 213
47 281
236 438
264 353
51 62
307 312
95 291
244 428
134 377
199 422
425 462
137 384
103 357
38 293
225 301
251 368
301 432
120 151
41 341
125 356
134 414
261 440
56 95
208 211
381 493
63 152
286 297
285 469
259 262
231 419
264 440
108 215
321 382
236 391
347 452
193 240
47 444
149 478
49 471
352 371
9 273
406 425
335 408
118 233
17 184
32 265
13 46
206 317
123 305
155 314
168 318
83 384
51 451
18 316
245 465
264 340
82 162
88 439
274 449
270 448
419 445
66 196
190 414
23 250
8 381
102 257
170 341
358 436
253 274
34 398
171 392
23 135
172 469
139 156
225 467
145 438
22 131
217 464
20 62
47 247
63 81
169 332
115 417
15 343
289 339
20 134
45 428
145 255
105 386
37 121
341 485
106 370
84 379
126 435
190 269
12 442
166 496
96 496
266 302
46 391
287 350
320 472
99 341
67 161
32 400
140 450
27 278
277 472
243 334
249 432
106 421
177 304
99 154
165 308
198 350
108 274
48 445
97 115
175 288
66 230
27 200
156 195
285 297
14 255
65 428
395 404
111 457
286 292
164 483
217 268
450 461
108 431
129 279
217 316
78 148
129 325
23 276
163 198
121 358
322 481
275 372
50 109
89 214
264 388
3 417
143 405
188 263
100 323
167 260
271 289
282 414
179 224
428 486
35 129
235 466
116 197
192 369
103 337
283 391
70 155
247 392
54 433
73 337
271 373
54 270
13 280
107 230
221 488
263 308
204 299
116 364
292 392
115 147
301 353
157 452
52 275
184 219
8 13
66 219
455 487
23 289
75 294
190 231
41 44
87 231
282 325
202 280
288 399
75 79
26 448
207 463
372 470
252 444
14 61
435 471
460 486
46 411
323 476
115 479
150 490
293 497
150 435
162 223
68 91
34 476
199 447
171 414
192 293
260 271
86 91
260 496
152 272
66 205
95 305
186 358
118 481
123 470
131 217
135 380
160 332
89 197
280 393
243 489
16 393
12 341
37 59
328 384
151 249
284 411
93 424
59 485
131 402
28 187
294 370
72 405
71 266
144 379
309 428
127 319
445 464
10 25
381 410
247 484
230 491
168 266
30 468
301 310
274 473
71 457
337 386
33 322
72 239
395 436
53 333
79 341
112 464
50 343
182 420
114 204
26 387
93 164
44 165
252 349
401 418
44 425
125 261
148 483
105 390
130 262
300 338
183 296
362 428
3 123
14 30
2 43
43 145
302 343
322 369
275 315
163 327
127 134
291 300
40 149
319 383
118 175
307 480
45 339
217 352
158 426
23 214
212 261
102 425
182 386
282 286
87 317
167 443
298 366
68 133
127 433
79 406
194 196
2 64
54 150
132 280
147 448
54 416
73 119
4 491
165 490
51 464
207 309
127 431
87 301
246 252
139 211
133 296
241 376
3 218
253 443
250 443
183 262
134 232
16 487
167 310
172 227
402 429
258 411
88 321
65 235
396 458
25 307
196 445
28 63
143 323
99 360
103 171
162 308
320 468
163 333
184 455
224 229
202 465
59 313
137 345
265 315
141 199
47 312
68 338
149 418
254 276
332 420
240 279
68 335
28 401
4 304
105 181
261 404
235 456
86 273
120 288
51 327
48 82
171 208
39 131
52 406
82 265
245 484
141 186
268 284
205 214
72 355
11 390
200 310
113 336
209 325
269 484
432 482
64 170
172 322
190 279
140 332
216 388
144 286
126 230
13 352
33 465
217 324
71 329
89 454
108 363
141 386
78 247
46 91
8 337
199 296
118 296
8 49
225 431
269 350
117 127
352 465
30 263
311 436
203 285
307 395
155 389
6 327
246 381
67 433
176 265
27 208
45 207
269 442
250 348
86 235
60 378
178 265
337 412
267 402
40 435
95 308
138 248
17 205
261 292
80 145
109 242
285 357
3 230
59 412
92 470
18 342
424 437
124 298
203 204
185 478
71 481
354 391
183 401
172 318
91 187
184 267
110 275
71 199
84 122
191 239
447 472
10 182
290 318
103 120
170 214
229 468
226 283
148 277
313 347
55 437
257 366
100 215
115 235
28 200
414 494
113 154
302 304
43 142
137 307
56 295
244 328
45 389
211 457
267 311
167 302
27 175
89 390
86 331
438 456
175 202
36 483
174 264
56 469
308 448
209 348
130 446
148 439
6 67
54 324
98 275
78 81
26 297
270 469
225 391
348 354
23 297
302 368
106 367
38 282
218 402
111 351
274 445
76 302
106 210
296 336
131 207
60 449
152 162
242 386
274 313
208 443
327 333
30 340
301 388
69 460
10 335
17 320
14 201
24 219
161 344
224 239
60 272
57 489
350 483
262 396
35 496
160 319
329 367
122 322
209 479
220 286
198 457
160 266
23 441
405 487
74 417
344 462
232 390
1 39
201 292
194 359
79 495
437 464
163 362
164 299
71 94
145 470
227 269
77 166
27 260
104 290
130 298
375 453
116 449
188 302
74 352
335 415
225 427
127 168
338 463
45 419
121 341
95 181
123 375
109 265
123 170
266 482
131 205
313 401
346 474
318 402
2 69
4 312
149 326
189 412
464 492
92 311
224 243
6 362
131 442
395 453
35 484
182 317
232 381
17 356
180 190
351 437
154 228
67 496
2 475
19 196
200 339
116 497
139 191
285 362
261 395
47 290
298 393
230 448
269 345
86 95
197 413
46 48
260 460
279 313
408 493
48 171
143 395
44 295
49 289
178 316
261 418
25 436
16 167
253 439
143 441
105 443
87 97
375 409
371 459
191 397
241 419
385 434
74 471
432 496
148 271
254 423
33 202
68 286
70 491
230 249
294 481
252 358
374 447
61 136
61 220
328 443
88 459
53 158
126 189
26 214
211 335
168 298
309 335
281 391
236 500
80 301
435 495
30 490
51 495
82 221
98 480
160 230
330 362
65 424
217 367
172 339
232 246
285 484
19 355
95 336
269 376
148 451
31 47
339 476
195 285
331 428
218 219
86 440
122 350
270 337
129 432
23 96
134 187
284 437
141 188
184 229
76 113
193 200
1 142
237 442
178 241
20 492
84 266
147 340
69 239
136 173
250 496
201 269
308 405
68 259
117 446
280 453
89 92
196 417
93 311
222 494
95 221
459 478
101 242
69 105
372 397
94 107
311 448
223 420
301 417
113 416
195 301
29 80
152 237
55 230
178 237
126 406
285 314
108 343
272 492
128 173
163 332
28 65
256 326
261 273
112 450
278 497
249 271
3 416
158 333
36 343
284 496
100 340
81 302
17 188
286 311
37 213
28 435
96 343
233 470
366 378
9 260
234 480
202 238
20 246
57 486
30 211
98 460
226 365
227 331
165 296
195 390
154 200
170 281
31 176
111 362
325 477
144 272
116 417
268 346
97 335
326 389
158 390
58 74
96 381
24 93
80 195
7 81
20 103
416 493
144 253
41 479
68 134
230 352
265 289
237 267
388 473
79 305
8 284
28 338
232 396
330 455
121 432
279 311
98 196
27 93
382 422
476 493
356 478
130 460
181 391
95 208
44 68
290 451
462 471
243 358
24 361
191 238
280 344
300 454
16 112
2 166
72 455
129 374
150 227
90 471
192 252
195 280
120 260
409 479
59 278
272 437
489 499
150 202
50 126
201 356
209 216
101 143
206 370
91 447
56 468
130 341
422 432
185 433
30 305
154 481
15 218
125 273
224 282
43 156
189 237
409 430
27 263
25 100
124 233
136 383
91 376
59 392
122 479
330 498
236 255
319 338
179 341
147 265
148 381
260 462
28 160
99 110
237 387
241 271
243 472
166 382
118 424
179 206
194 227
8 220
106 377
195 490
270 397
114 456
80 402
61 193
348 446
343 372
200 225
139 320
19 195
202 204
36 125
15 467
3 467
150 280
189 407
304 328
343 346
386 435
351 378
27 105
135 429
61 139
261 485
83 205
207 327
169 211
273 353
327 411
97 207
322 459
172 329
251 434
54 305
92 152
54 80
59 222
25 316
230 478
210 416
299 434
90 317
75 182
64 354
382 406
343 463
139 460
85 180
192 395
184 300
353 487
0 0 0 0 0 0 0 0 0 0 0 0 0 0 0 0 0 0 0 0 0 0 0 0 0 0 0 0 0 0 0 0 0 0 0 0 0 0 0 0 0 0 0 0 0 0 0 0 0 0 0 0 0 0 0 0 0 0 0 0 0 0 0 0 0 0 0 0 0 0 0 0 0 0 0 0 0 0 0 0 0 0 0 0 0 0 0 0 0 0 0 0 0 0 0 0 0 0 0 0 0 0 0 0 0 0 0 0 0 0 0 0 0 0 0 0 0 0 0 0 0 0 0 0 0 0 0 0 0 0 0 0 0 0 0 0 0 0 0 0 0 0 0 0 0 0 0 0 0 0 0 0 0 0 0 0 0 0 0 0 0 0 0 0 0 0 0 0 0 0 0 0 0 0 0 0 0 0 0 0 0 0 0 0 0 0 0 0 0 0 0 0 0 0 0 0 0 0 0 0 0 0 0 0 0 0 0 0 0 0 0 0 0 0 0 0 0 0 0 0 0 0 0 0 0 0 0 0 0 0 0 0 0 0 0 0 0 0 0 0 0 0 0 0 0 0 0 0 0 0 0 0 0 0 0 0 0 0 0 0 0 0 0 0 0 0 0 0 0 0 0 0 0 0 0 0 0 0 0 0 0 0 0 0 0 0 0 0 0 0 0 0 0 0 0 0 0 0 0 0 0 0 0 0 0 0 0 0 0 0 0 0 0 0 0 0 0 0 0 0 0 0 0 0 0 0 0 0 0 0 0 0 0 0 0 0 0 0 0 0 0 0 0 0 0 0 0 0 0 0 0 0 0 0 0 0 0 0 0 0 0 0 0 0 0 0 0 0 0 0 0 0 0 0 0 0 0 0 0 0 0 0 0 0 0 0 0 0 0 0 0 0 0 0 0 0 0 0 0 0 0 0 0 0 0 0 0 0 0 0 0 0 0 0 0 0 0 0 0 0 0 0 0 0 0 0 0 0 0 0 0 0 0 0 0 0 0 0 0 0 0 0 0 0 0 0 0 0 0 0 0 0 0 0 0 0 0 0 0 0 0 0 0 0 0 0 0 0 0 0 0 0 0 0 0 0 0 0 0 0 0 0 0 0 0 0 0 0 0 0 0 0 0 0 0 0 0 0 0 0
