100 1000
44 61
3 74
69 80
30 85
19 66
9 55
37 56
7 42
23 65
20 51
3 42
67 95
15 75
48 61
23 41
3 26
62 86
80 85
39 62
46 68
43 68
38 52
44 47
45 90
34 38
1 69
70 99
50 58
4 61
1 12
10 69
92 100
6 62
15 23
61 87
59 79
15 38
48 86
28 29
49 61
15 45
15 80
40 73
5 65
37 88
82 89
1 71
43 100
76 93
39 72
60 89
88 95
13 60
32 80
18 94
10 33
70 90
1 96
26 95
33 64
4 86
22 28
3 22
29 95
28 66
57 86
57 60
21 51
48 91
14 29
75 99
5 34
45 51
12 50
14 95
32 43
25 53
19 87
37 80
11 65
1 87
17 72
32 90
32 69
48 94
53 93
52 90
8 77
52 64
2 41
10 63
12 93
39 91
30 88
14 71
39 68
2 61
13 63
39 43
8 16
89 95
34 100
47 67
36 87
51 64
47 66
5 28
46 59
3 83
6 54
65 96
64 77
13 28
6 13
7 9
48 61
33 58
4 68
21 98
50 99
83 88
43 56
74 77
45 56
82 85
40 60
1 26
26 62
27 49
32 71
14 49
16 93
44 75
10 88
59 60
46 79
88 89
16 65
58 99
9 85
65 88
29 78
71 77
26 33
35 78
35 95
65 99
6 14
15 34
25 72
28 47
68 87
28 51
65 78
64 72
32 56
9 66
15 41
12 36
1 98
39 46
75 97
77 87
70 100
60 97
7 98
12 64
50 84
10 25
71 85
2 64
20 47
51 57
2 76
12 51
34 51
9 70
25 45
18 94
18 92
8 55
67 100
9 59
14 77
25 58
32 36
6 61
22 47
23 94
7 19
68 90
27 90
8 73
16 82
4 50
21 40
7 91
81 82
35 54
12 41
23 79
63 83
9 74
64 77
36 68
57 88
19 43
36 60
40 99
66 84
14 74
4 94
77 80
20 98
23 38
19 32
20 52
7 8
56 98
87 99
46 54
40 65
74 87
49 65
56 79
20 43
49 54
18 51
19 57
70 77
18 100
69 71
29 92
10 79
55 78
2 65
48 65
1 79
75 85
41 95
33 98
65 69
62 68
47 81
19 63
65 92
30 90
22 100
40 50
14 50
46 85
38 75
49 72
57 65
28 64
23 88
17 67
16 99
9 36
21 66
32 58
30 62
25 89
31 70
19 98
57 67
5 21
44 99
19 27
21 57
12 67
24 48
51 92
13 19
8 56
31 93
34 58
41 55
10 38
55 73
41 48
23 51
1 37
49 69
53 54
31 82
17 89
26 55
35 58
20 27
20 70
33 88
61 65
17 69
74 91
14 51
15 47
1 43
4 81
71 73
62 66
7 55
56 62
60 72
9 58
88 93
9 31
8 91
16 87
13 51
6 35
1 9
75 96
77 83
36 100
28 88
87 89
53 56
8 99
21 35
59 83
38 48
24 57
10 65
19 100
19 48
5 56
49 96
22 41
20 81
28 34
54 57
11 78
77 82
21 55
7 41
24 30
17 45
14 46
39 77
70 93
21 76
85 98
67 88
17 75
58 74
25 71
10 72
44 45
46 51
71 78
18 89
65 79
1 85
39 73
4 72
16 57
39 86
6 81
3 31
47 83
42 85
46 60
45 83
41 68
15 71
32 37
8 10
61 66
86 89
45 59
9 29
4 14
58 63
6 21
54 84
52 70
21 96
11 33
40 70
74 79
18 44
36 94
19 96
55 85
69 100
4 65
41 65
16 61
69 83
2 43
42 93
3 49
44 90
63 65
39 56
51 68
20 88
47 96
8 35
37 51
74 76
18 20
29 31
57 75
26 51
55 87
29 50
11 71
21 95
19 68
19 69
68 88
5 18
44 58
8 18
9 24
60 66
51 71
6 7
7 87
32 98
38 76
2 47
78 91
13 54
5 66
55 75
62 84
40 74
34 90
24 38
16 56
23 76
53 100
2 87
58 90
5 92
44 98
9 76
66 86
30 47
60 76
30 38
15 81
52 72
22 23
12 19
18 85
24 42
5 36
4 99
1 17
46 50
40 62
4 78
25 91
60 62
19 56
67 74
26 69
52 95
33 55
57 85
15 43
14 76
30 71
47 58
6 80
41 46
17 43
16 24
74 95
1 70
30 69
84 99
12 27
2 73
44 66
28 45
38 61
42 60
31 69
8 86
73 89
6 20
36 76
31 77
13 47
15 58
40 85
19 46
23 39
23 81
34 46
32 94
48 85
33 45
5 67
67 96
72 88
96 100
30 54
50 68
27 84
30 63
28 92
55 76
41 83
25 31
3 67
37 92
29 34
27 71
31 56
13 44
67 75
46 63
15 56
22 79
57 78
7 64
1 57
23 27
45 71
58 80
47 55
64 92
61 74
30 57
52 84
17 59
51 81
30 51
18 72
28 82
59 61
60 96
28 56
21 81
28 44
3 34
40 88
86 97
40 83
13 20
41 54
15 55
77 90
79 97
40 42
33 83
26 65
9 94
3 44
52 91
45 74
43 52
39 53
33 72
12 45
16 33
15 66
1 81
35 87
8 64
18 37
36 42
19 65
26 84
54 79
31 88
25 37
33 36
18 28
7 59
46 67
16 20
21 86
30 88
12 94
70 97
33 74
83 99
47 65
18 22
2 6
36 73
7 96
18 90
40 72
10 49
10 17
9 32
44 74
19 33
49 86
6 72
43 68
33 34
19 53
13 53
15 89
92 99
22 29
95 97
8 75
40 92
25 92
36 48
8 79
35 36
44 67
42 76
12 15
17 24
15 87
66 88
12 82
18 71
52 71
89 96
17 27
4 93
21 54
23 56
27 28
36 93
13 17
8 45
7 80
37 71
1 66
17 25
2 32
28 46
26 79
95 98
65 84
13 35
38 79
31 37
70 94
56 97
20 95
79 90
4 46
20 25
28 89
25 70
33 51
46 96
8 88
46 76
48 58
39 76
86 93
48 96
20 77
48 99
5 25
54 82
51 63
64 100
44 97
60 69
38 56
8 62
25 26
13 86
11 93
5 26
35 61
22 98
59 80
34 59
43 99
28 75
6 31
17 46
72 86
32 62
44 54
57 80
9 92
62 94
8 66
1 31
34 58
61 81
69 82
20 44
2 84
50 52
34 58
70 84
73 80
37 40
56 100
32 82
68 100
41 77
76 87
39 87
14 75
28 71
15 29
18 66
43 64
1 30
3 7
70 98
60 73
34 62
38 39
15 28
22 42
32 89
37 45
9 72
40 100
23 67
20 82
1 25
12 38
18 62
39 93
4 97
33 96
19 94
69 93
5 63
35 77
47 57
67 82
26 99
6 99
54 59
27 69
68 82
29 60
15 48
9 50
39 67
72 90
13 85
9 47
43 69
6 93
5 11
47 86
25 53
79 99
16 26
12 86
6 42
26 37
25 57
2 85
10 100
6 9
66 90
16 76
24 87
8 83
54 71
5 84
57 71
54 70
26 40
25 59
10 83
23 66
62 72
37 79
57 96
4 61
67 89
3 9
24 95
27 36
45 46
4 5
37 69
40 99
28 38
53 85
43 80
41 51
80 90
36 52
54 61
21 41
69 95
16 89
2 75
24 68
27 30
37 49
57 79
40 87
30 87
33 54
16 74
14 93
31 76
41 75
33 60
3 18
33 78
40 80
41 56
29 87
45 52
68 71
44 78
34 86
2 91
18 98
19 79
73 76
22 56
34 40
5 87
33 91
25 35
10 14
12 30
79 100
88 90
53 66
31 65
24 53
30 60
12 23
8 65
21 78
17 65
34 83
45 76
56 88
23 50
59 81
2 34
22 34
38 90
61 70
14 91
34 78
49 89
18 52
16 23
55 62
94 100
33 95
73 95
21 63
23 54
50 74
32 68
75 80
7 39
2 27
12 13
6 48
57 81
36 67
69 89
6 96
22 67
29 89
13 76
37 77
37 62
31 86
9 43
2 15
16 42
8 54
44 83
45 73
28 57
74 78
59 73
28 76
21 67
18 38
3 94
13 56
11 31
4 24
17 51
57 69
55 71
4 63
40 71
23 52
43 79
68 98
2 83
28 48
32 38
83 84
2 56
49 85
63 76
19 61
39 74
5 99
85 97
52 58
45 70
30 55
34 85
55 92
43 46
25 96
43 44
16 49
31 68
7 46
47 92
52 57
61 92
10 91
1 56
52 80
14 78
84 91
35 97
17 23
20 99
1 53
74 94
29 59
3 73
27 78
78 83
24 77
9 65
38 46
24 98
43 83
13 41
45 48
2 12
59 77
10 50
14 28
35 73
72 94
50 94
10 90
25 40
6 22
30 59
6 36
82 95
75 100
33 94
34 79
2 7
28 74
18 43
19 47
27 43
56 68
15 64
25 68
23 35
11 45
46 66
52 65
14 63
2 16
57 61
15 59
13 90
65 70
66 83
12 25
60 95
37 74
12 99
38 50
43 58
30 76
43 63
22 92
78 85
11 18
23 78
51 69
26 83
37 94
72 73
72 93
38 45
16 43
4 13
0 0 0 0 0 0 0 0 0 0 0 0 0 0 0 0 0 0 0 0 0 0 0 0 0 0 0 0 0 0 0 0 0 0 0 0 0 0 0 0 0 0 0 0 0 0 0 0 0 0 0 0 0 0 0 0 0 0 0 0 0 0 0 0 0 0 0 0 0 0 0 0 0 0 0 0 0 0 0 0 0 0 0 0 0 0 0 0 0 0 0 0 0 0 0 0 0 0 0 0
