200 2000
114 123
4 99
83 110
24 27
13 41
83 88
17 19
14 69
162 186
66 199
83 118
27 198
46 51
101 151
163 176
34 83
26 137
26 66
156 172
6 80
34 66
59 92
12 142
169 175
133 148
22 107
14 41
35 76
97 190
58 87
87 142
52 144
60 127
67 176
52 54
109 110
20 30
1 60
62 99
12 159
30 88
145 179
8 145
76 172
118 189
67 142
24 174
88 174
113 122
84 125
54 57
38 131
127 133
142 166
58 186
23 71
123 136
74 177
47 88
121 144
6 188
137 153
20 171
1 114
24 127
101 113
161 194
41 144
55 139
157 165
44 96
9 176
79 82
100 130
34 163
13 150
67 190
24 192
182 189
35 118
4 17
194 195
75 198
35 171
62 184
16 153
139 162
93 164
11 200
42 129
1 104
25 184
39 195
102 132
86 141
137 141
29 142
47 151
10 54
89 110
36 160
70 89
150 159
108 153
8 20
3 31
27 65
139 145
51 104
95 192
57 126
45 72
94 193
29 189
51 101
26 107
108 115
53 170
101 134
7 193
55 67
98 169
99 143
99 185
100 182
96 157
164 172
6 107
100 194
58 107
32 61
54 89
88 98
140 174
26 53
122 160
108 198
68 81
60 164
75 131
38 90
46 184
68 96
18 118
113 183
31 113
44 60
7 101
75 113
168 176
102 129
133 152
17 183
95 159
63 173
7 17
28 165
102 151
80 124
43 51
48 154
85 173
65 176
74 149
183 190
52 187
39 108
105 141
62 167
47 127
155 181
126 188
17 114
17 165
40 128
158 186
82 120
54 152
16 162
83 137
98 178
135 157
6 130
46 174
13 142
44 163
48 199
48 171
95 178
63 143
67 115
4 110
84 134
35 183
59 122
146 180
1 74
29 172
18 58
29 179
58 188
41 113
92 199
80 85
58 189
10 112
43 93
65 191
176 200
39 101
117 146
16 108
23 59
32 148
54 136
53 68
31 103
31 97
25 27
133 139
33 55
14 175
107 180
1 98
124 141
141 153
155 158
119 171
16 58
74 174
12 70
12 27
71 146
10 66
117 183
76 133
57 65
81 88
32 41
9 170
3 158
128 197
121 155
57 150
112 160
154 183
74 82
17 64
73 189
59 106
66 80
71 171
134 163
99 117
37 161
138 191
88 194
69 188
26 152
139 166
3 135
90 105
33 156
2 165
18 24
11 185
25 80
102 113
31 61
40 144
28 186
43 90
30 112
27 180
107 160
165 190
102 168
72 82
138 164
54 192
35 163
63 163
43 116
75 117
88 108
113 198
14 143
87 149
65 119
107 128
30 106
45 170
36 172
18 59
6 84
119 153
77 176
13 18
57 195
116 149
62 165
6 20
31 57
65 150
27 97
59 126
2 145
130 191
44 143
45 161
23 150
20 85
98 198
38 173
8 140
98 185
185 197
104 192
43 169
35 116
149 198
3 110
68 164
45 184
6 178
57 123
19 113
59 83
124 157
29 115
47 152
78 88
48 198
61 118
102 153
61 119
44 193
62 144
58 151
88 184
26 132
51 128
52 171
41 157
35 187
136 181
128 163
70 184
17 23
4 36
105 108
48 132
176 182
163 190
135 160
107 149
192 197
158 174
19 168
46 191
25 123
152 156
81 198
96 139
39 69
17 97
45 166
80 175
52 147
104 152
25 122
140 148
115 192
9 98
47 174
50 66
42 188
12 95
48 101
141 178
37 199
60 186
52 53
66 172
142 199
69 152
19 165
66 109
60 134
76 177
27 91
74 168
95 122
9 40
22 162
21 170
188 198
76 119
171 193
82 157
22 130
127 136
145 148
44 112
87 145
103 191
22 145
27 142
49 180
186 199
57 79
135 147
45 188
98 179
14 187
83 178
28 74
119 191
124 135
23 167
117 160
101 191
44 190
3 146
10 87
28 91
6 75
7 15
50 83
26 174
36 171
40 172
25 148
37 133
70 93
125 165
116 139
95 98
82 86
136 193
20 160
50 112
153 196
59 145
87 101
68 151
116 146
92 116
149 155
58 166
4 71
120 170
20 169
52 122
76 143
2 149
142 174
138 199
165 200
43 121
138 186
157 189
138 188
7 59
38 172
80 170
38 40
22 108
177 186
60 182
74 172
5 185
67 76
10 80
89 155
131 187
27 175
46 74
44 126
105 131
105 175
81 94
180 184
40 112
27 113
39 53
48 70
64 156
115 133
44 45
45 140
23 190
182 199
85 129
105 182
32 60
64 160
70 160
41 47
8 95
148 180
15 108
185 186
55 62
27 99
88 177
15 45
51 129
40 79
118 199
7 12
128 164
54 80
119 170
12 96
96 118
14 116
28 180
9 145
16 106
20 25
69 175
127 195
7 125
50 56
77 146
101 140
3 95
169 176
6 179
7 139
81 105
47 96
66 149
23 112
63 160
181 194
37 135
71 186
71 165
79 160
27 176
111 175
138 143
66 101
97 193
105 148
5 179
21 129
103 144
47 185
95 109
21 49
34 144
46 49
54 149
24 38
85 158
85 147
73 132
108 119
50 59
126 182
49 170
140 165
131 156
52 161
49 161
114 128
116 193
46 61
24 51
134 157
126 154
79 92
127 155
114 137
78 96
33 97
116 163
5 52
73 93
121 160
53 190
40 68
28 67
88 198
11 58
44 53
153 155
59 111
5 173
104 105
47 170
126 163
131 139
108 168
16 40
11 69
74 182
40 62
32 181
144 183
87 95
47 83
117 143
97 185
5 151
73 172
142 190
104 196
40 78
53 147
53 110
60 200
84 126
68 124
109 183
65 200
73 150
148 164
117 141
11 79
10 76
85 123
78 97
137 184
57 95
45 109
80 185
77 125
88 89
39 124
120 123
78 111
73 183
145 149
72 167
110 187
33 67
46 108
16 43
19 28
80 97
31 37
50 194
109 160
73 87
189 194
186 190
68 85
73 122
92 115
85 102
152 172
131 153
59 185
80 109
7 191
104 199
88 196
40 185
102 121
151 157
123 159
92 109
83 131
135 188
59 75
110 176
25 136
10 106
147 172
34 128
110 170
85 133
38 77
36 194
101 198
41 64
117 144
113 153
1 46
170 180
71 79
160 192
177 187
118 193
7 153
125 191
65 136
75 115
171 197
113 126
107 183
96 137
21 128
159 190
83 174
9 24
74 94
150 194
140 197
39 130
147 185
61 117
61 154
22 95
72 129
58 67
127 180
2 77
86 126
22 170
19 37
68 102
121 166
70 162
20 145
46 72
117 170
103 196
141 163
117 139
42 121
47 86
14 16
26 96
69 97
9 60
72 77
104 154
35 69
102 183
7 138
94 138
48 180
15 44
98 142
9 195
6 15
72 88
47 75
91 180
38 68
43 166
81 103
30 110
81 129
9 78
16 104
58 160
51 59
6 22
52 73
38 182
31 166
12 98
22 174
97 198
2 37
141 154
132 135
69 189
19 101
29 129
34 42
115 184
27 186
95 112
9 131
46 99
41 77
27 38
27 40
101 173
13 98
1 26
109 120
28 103
6 9
2 140
109 132
37 147
5 23
136 168
80 174
109 165
2 187
108 199
89 164
18 30
10 110
46 102
84 102
166 167
116 190
16 50
30 164
79 139
125 136
162 176
7 40
23 173
72 76
50 52
34 189
67 69
53 66
51 182
47 110
136 150
74 163
71 176
42 60
55 123
59 71
19 111
66 118
71 111
100 178
26 50
2 51
4 163
36 96
129 145
90 150
34 64
6 82
91 188
144 190
13 52
2 150
7 115
22 55
29 63
51 151
45 119
115 180
26 41
148 170
13 148
19 90
128 157
50 98
32 75
13 149
3 136
58 155
21 188
54 184
9 161
3 191
23 68
6 149
85 166
11 34
94 131
2 53
102 195
12 110
30 80
46 142
79 186
54 170
77 145
126 169
79 181
162 174
27 90
72 117
76 127
107 140
21 154
129 140
5 89
39 57
60 165
89 145
175 198
87 183
30 109
28 169
18 117
21 38
25 180
22 90
134 175
95 195
63 136
93 183
6 105
50 70
70 181
12 106
18 106
29 101
87 156
20 195
120 177
151 169
115 132
18 181
20 22
48 152
5 74
5 147
139 144
54 141
100 104
52 196
60 148
37 132
159 177
131 150
115 181
184 198
54 163
71 154
14 110
96 167
11 72
59 94
59 81
136 139
91 105
116 188
31 165
115 163
116 127
162 192
121 123
91 179
29 133
39 140
8 97
106 142
18 61
82 178
96 140
89 189
61 79
87 96
191 200
98 176
151 185
42 179
111 136
61 177
27 31
70 188
53 111
110 122
12 199
29 200
72 99
3 24
110 195
44 116
118 122
2 182
44 120
135 195
102 193
41 191
52 117
61 160
164 180
110 137
52 151
63 66
114 116
6 115
77 180
101 124
72 190
142 175
88 151
107 159
116 175
102 164
83 146
30 181
8 152
122 131
139 147
51 94
15 51
87 154
91 93
50 174
63 105
6 164
64 112
13 46
105 136
81 193
150 198
54 142
5 37
78 142
85 181
26 136
101 161
131 141
54 75
41 150
55 81
29 161
22 68
141 157
182 194
21 134
115 179
192 196
18 197
105 169
41 84
66 148
53 79
25 33
16 54
16 17
47 189
53 189
29 47
55 101
60 86
96 200
160 196
100 120
1 14
104 183
61 126
26 73
114 200
18 57
42 167
32 185
9 160
66 84
31 167
120 131
73 197
51 73
11 50
158 161
26 129
52 97
103 158
17 169
24 35
17 30
32 164
7 54
88 188
55 157
162 181
2 32
127 183
8 34
24 112
64 76
102 154
16 47
142 152
22 159
13 171
75 148
19 159
69 120
83 192
62 158
95 115
26 105
39 48
117 118
106 164
10 188
57 69
16 93
60 152
22 186
12 33
158 197
34 76
50 121
45 180
97 103
1 18
69 80
96 197
48 57
104 147
18 128
35 112
99 176
82 186
10 38
32 89
42 101
135 177
25 169
133 153
53 88
51 177
58 108
56 59
2 66
153 184
123 158
47 51
28 97
127 157
22 152
60 137
56 149
11 113
126 144
42 85
150 154
110 179
46 195
1 51
125 150
101 142
38 139
65 185
99 121
42 147
15 115
27 191
79 140
30 183
167 200
135 182
99 113
26 78
109 188
55 158
91 97
82 147
24 183
47 98
75 129
24 91
46 168
67 149
151 199
77 137
142 164
136 149
22 179
72 94
3 113
34 51
55 170
68 176
5 116
40 77
133 164
75 106
186 189
53 131
14 183
118 150
117 199
49 119
119 189
37 127
140 182
13 61
20 196
141 160
87 88
81 112
83 102
150 163
56 120
94 171
56 145
54 130
101 178
65 164
151 197
89 191
2 10
31 159
29 67
58 150
88 181
69 167
139 197
136 147
18 187
18 99
80 191
4 44
93 156
29 178
131 182
64 195
52 94
53 94
2 103
42 158
3 80
142 148
45 74
83 143
54 155
6 64
67 74
134 194
185 192
129 170
155 166
45 130
28 70
112 157
51 88
30 31
110 182
66 125
16 120
21 199
28 124
18 173
32 192
4 31
25 126
15 79
90 117
38 108
91 102
9 183
86 183
60 163
93 185
104 171
94 156
56 119
6 189
105 154
74 126
79 169
32 193
83 133
152 190
50 155
156 189
29 102
3 138
73 147
41 134
17 54
111 119
30 83
105 192
143 166
104 145
42 164
87 187
111 114
143 196
6 60
70 99
9 197
96 177
167 177
76 132
113 121
92 162
54 108
85 130
16 171
18 107
191 198
62 178
5 171
8 45
134 165
41 166
22 96
5 143
56 69
168 196
147 195
23 143
91 162
4 30
86 189
30 63
40 103
125 167
89 168
31 87
5 75
62 64
134 168
65 183
40 58
83 108
145 180
35 159
9 119
82 177
57 102
55 78
125 170
100 189
15 53
42 194
115 172
132 160
17 187
93 143
139 167
18 156
11 101
87 136
82 100
111 185
8 190
103 157
57 108
15 171
84 137
102 163
79 106
118 191
187 196
68 187
52 89
124 155
94 165
47 192
68 179
75 122
4 13
55 145
41 82
121 135
59 66
23 65
7 164
31 41
143 182
30 113
11 127
17 157
19 93
7 87
128 169
66 120
92 192
17 74
22 84
51 93
42 48
165 179
4 96
19 44
31 102
8 61
71 159
36 92
16 165
11 42
40 44
95 171
13 197
81 126
40 89
44 145
21 108
149 188
26 100
75 150
3 118
39 49
125 128
2 132
7 197
115 158
76 180
61 158
27 121
48 60
11 94
36 142
100 143
81 137
21 54
86 145
47 156
59 197
14 67
135 183
35 192
82 93
140 154
16 29
137 176
121 170
51 161
27 42
69 79
76 141
129 149
37 111
71 155
4 20
15 172
167 190
76 80
113 195
28 133
174 192
79 98
154 158
39 109
50 164
63 182
1 64
15 20
61 200
68 82
46 55
127 142
46 68
135 159
13 78
43 155
85 131
95 169
121 137
42 141
176 181
11 130
103 137
59 167
122 185
1 81
17 24
45 93
13 109
56 161
33 135
100 108
139 193
42 93
60 115
95 187
17 182
86 130
71 77
188 199
20 86
72 146
158 199
98 115
118 134
83 163
52 162
58 146
48 139
93 194
39 142
118 143
80 158
106 131
32 195
17 150
15 127
42 122
131 149
55 61
144 150
128 179
167 193
28 181
139 159
4 116
93 103
43 117
43 182
8 79
20 162
4 102
88 166
2 178
7 77
13 200
78 132
67 84
80 117
19 129
64 80
2 176
63 88
141 173
9 154
82 119
4 53
23 56
24 141
16 103
15 93
134 167
72 109
51 53
22 57
44 199
53 132
95 135
78 171
66 137
59 161
133 180
18 70
52 58
89 158
108 158
93 189
49 137
146 196
79 147
115 145
47 143
24 71
47 85
40 61
16 190
59 98
116 137
19 141
73 110
3 168
119 176
6 113
67 191
81 145
59 148
150 172
52 96
147 196
41 116
186 196
72 97
41 97
42 76
21 157
66 164
2 26
9 13
1 80
111 174
53 193
89 118
1 48
26 196
6 45
21 173
43 49
162 175
63 127
115 173
74 156
7 33
26 141
57 154
33 136
78 162
80 179
13 194
136 195
56 103
79 136
39 180
27 88
126 185
16 97
112 175
65 82
35 92
15 193
28 188
39 197
19 146
55 156
114 167
51 195
117 197
19 198
148 168
124 137
49 88
114 198
32 131
25 159
55 122
4 78
80 154
126 174
192 199
123 132
38 43
45 105
78 182
55 77
112 198
56 105
69 155
51 108
18 63
90 135
86 164
14 62
106 188
28 128
105 183
95 173
52 111
40 188
56 71
65 177
81 95
104 124
74 112
15 50
94 144
8 144
70 126
1 123
97 106
90 96
86 187
87 133
112 151
122 167
133 199
86 91
27 119
48 71
29 155
48 169
171 188
107 119
93 97
63 113
161 168
78 197
39 67
71 145
97 148
40 108
61 163
73 163
26 114
175 179
89 128
53 137
84 93
2 46
2 94
92 128
84 187
12 174
109 176
98 159
89 180
38 142
42 117
4 148
39 143
147 192
14 200
50 115
67 79
80 95
16 45
129 166
24 31
43 185
68 196
12 53
99 168
33 198
23 53
35 106
20 54
132 146
173 200
79 111
134 145
17 110
72 90
72 153
111 112
145 167
65 76
2 69
72 166
67 129
91 132
37 146
1 195
154 187
56 157
23 124
139 157
35 170
78 128
113 144
12 39
41 83
32 76
1 75
48 166
85 99
9 181
53 70
60 120
13 127
13 32
47 195
122 179
104 165
28 104
41 67
17 73
14 51
62 96
1 93
157 158
167 188
102 157
81 166
106 118
18 185
5 132
111 126
56 176
69 181
24 147
65 172
101 131
89 113
100 125
136 170
60 70
69 77
120 151
11 162
61 193
71 86
78 134
78 139
10 127
42 98
15 183
17 125
37 44
109 124
54 72
131 147
80 98
122 148
60 63
6 50
89 111
149 174
20 40
4 51
78 148
9 54
19 58
100 190
32 179
82 111
24 81
150 166
95 147
75 158
32 154
12 24
105 119
147 162
44 172
18 95
118 179
51 110
84 142
55 175
49 183
178 197
109 113
184 189
19 50
57 117
113 124
3 156
20 90
58 81
6 77
38 150
25 135
160 167
41 52
53 141
73 88
44 95
26 128
139 150
45 157
130 194
34 123
7 94
101 122
45 167
25 194
35 72
140 144
163 188
147 150
108 125
40 169
57 181
54 55
89 138
55 116
73 117
82 160
164 199
51 166
42 86
89 153
80 144
118 162
1 140
110 197
65 137
44 181
53 116
39 75
1 145
21 186
103 165
72 118
38 103
176 183
66 171
70 74
34 187
4 117
60 131
13 38
57 116
62 187
91 148
76 160
121 131
15 121
139 189
32 143
32 118
79 141
39 169
139 161
124 180
5 71
92 98
23 169
22 182
23 156
42 123
79 156
106 144
19 190
19 62
168 195
173 194
44 194
149 173
2 16
127 171
73 148
74 86
134 196
189 196
51 170
92 95
54 101
77 86
68 135
38 106
45 58
175 186
97 118
166 198
45 150
113 137
47 186
133 162
109 130
44 58
92 114
75 152
25 62
64 136
78 137
47 160
41 199
56 96
14 166
123 177
89 116
189 195
93 184
28 36
46 105
127 144
156 165
122 165
7 187
66 132
21 86
3 119
69 72
81 161
83 132
34 91
79 163
20 82
47 68
141 191
109 125
34 62
82 149
132 137
3 154
79 188
18 168
108 174
43 139
14 35
7 90
6 96
27 80
8 96
19 110
85 117
67 148
37 87
28 153
157 192
30 69
77 191
25 94
136 173
17 174
49 191
85 106
89 120
51 139
112 191
82 165
41 163
33 93
21 88
29 48
32 191
13 23
7 67
89 117
31 175
1 152
130 132
109 131
10 63
28 58
37 88
111 118
49 146
103 135
51 162
50 168
35 89
65 73
4 107
22 23
64 184
61 155
158 180
49 125
34 143
21 105
176 188
140 177
0 0 0 0 0 0 0 0 0 0 0 0 0 0 0 0 0 0 0 0 0 0 0 0 0 0 0 0 0 0 0 0 0 0 0 0 0 0 0 0 0 0 0 0 0 0 0 0 0 0 0 0 0 0 0 0 0 0 0 0 0 0 0 0 0 0 0 0 0 0 0 0 0 0 0 0 0 0 0 0 0 0 0 0 0 0 0 0 0 0 0 0 0 0 0 0 0 0 0 0 0 0 0 0 0 0 0 0 0 0 0 0 0 0 0 0 0 0 0 0 0 0 0 0 0 0 0 0 0 0 0 0 0 0 0 0 0 0 0 0 0 0 0 0 0 0 0 0 0 0 0 0 0 0 0 0 0 0 0 0 0 0 0 0 0 0 0 0 0 0 0 0 0 0 0 0 0 0 0 0 0 0 0 0 0 0 0 0 0 0 0 0 0 0 0 0 0 0 0 0
